	%Time (s)	Temperature (C)	9/7/2016	2:12 PM
	0.000	93.551	93.408	93.276	93.972
	1.413	93.679	91.320	93.376	94.264
	2.793	93.711	93.965	93.392	94.116
	4.152	93.648	94.221	93.441	93.979
	5.511	93.686	93.365	93.429	94.270
	6.876	93.580	93.545	93.530	94.368
	8.236	93.727	89.269	93.522	94.148
	9.595	93.585	82.302	93.503	94.209
	10.954	93.629	84.420	93.373	94.174
	12.313	93.652	93.363	93.352	94.126
	13.673	93.757	77.846	93.543	94.101
	15.032	93.691	77.705	93.417	94.317
	16.385	93.761	80.381	93.393	94.157
	17.759	93.776	81.184	91.910	94.080
	19.139	93.877	89.459	93.044	93.969
	20.512	93.808	87.072	93.441	94.263
	21.887	93.696	87.950	92.026	94.114
	23.264	93.705	83.514	89.550	94.052
	24.624	93.839	86.612	87.366	94.018
	25.989	93.794	92.147	88.755	93.960
	27.355	93.936	87.997	92.638	94.030
	28.738	93.879	83.435	93.625	94.059
	30.094	93.881	81.245	91.183	94.297
	31.452	93.828	82.311	90.738	94.278
	32.825	93.817	77.391	92.551	94.211
	34.188	93.875	92.942	78.667	94.092
	35.549	93.742	83.663	92.534	94.018
	36.910	93.711	73.199	93.439	89.368
	38.281	93.914	77.313	93.517	94.186
	39.655	93.836	76.958	93.579	93.976
	41.015	93.667	82.647	93.357	93.950
	42.375	93.841	92.414	93.521	93.962
	43.734	93.839	93.260	93.600	93.884
	45.106	93.750	76.278	93.529	92.018
	46.482	93.795	69.683	91.111	82.475
	47.857	93.755	68.742	90.443	92.319
	49.232	93.734	81.639	87.988	93.437
	50.606	93.633	74.661	93.163	93.902
	51.981	93.769	81.283	91.865	93.906
	53.356	93.105	72.651	93.242	90.839
	54.719	93.718	69.971	85.041	90.710
	56.081	82.208	75.490	67.422	93.995
	57.450	78.566	70.855	64.804	92.378
	58.825	93.374	73.619	89.388	93.328
	60.190	93.716	74.021	91.575	92.965
	61.542	82.194	66.700	57.924	64.893
