	%Time (s)	Temperature (C)	9/7/2016	1:59 PM
	0.000	23.635	24.123	23.558	24.234
	1.354	23.650	24.074	23.747	24.176
	2.728	23.670	24.079	23.786	24.180
	4.094	23.661	24.055	23.787	24.092
	5.448	23.695	24.075	23.693	24.071
	6.823	23.644	24.053	23.638	24.064
	8.196	23.658	24.019	23.651	24.032
	9.554	23.705	24.012	23.621	24.018
	10.926	23.678	23.990	23.621	24.015
	12.292	23.715	23.926	23.595	23.982
	13.662	23.694	23.866	23.600	23.936
	15.021	23.697	23.900	23.554	23.909
	16.403	23.694	23.913	23.547	23.910
	17.776	23.650	23.870	23.502	23.863
	19.150	23.669	23.846	23.564	23.866
	20.531	23.711	23.858	23.529	23.851
	21.883	23.654	23.813	23.600	23.825
	23.242	23.646	23.813	23.587	23.762
	24.608	23.658	23.797	23.556	23.774
	25.967	23.660	23.828	23.527	23.766
	27.327	23.679	23.846	23.536	23.743
	28.700	23.653	23.943	23.565	23.735
	30.058	23.669	24.003	23.591	23.762
	31.426	23.669	23.990	23.625	23.785
	32.840	23.693	24.036	23.638	23.825
	34.200	23.717	24.020	23.727	23.862
	35.575	23.749	24.069	23.831	23.916
	36.935	23.730	24.017	23.795	23.893
	38.296	23.746	23.973	23.707	23.840
	39.655	23.757	23.907	23.709	23.812
	41.008	23.737	23.915	23.620	23.742
	42.374	23.702	24.016	23.606	23.740
	43.736	23.694	24.024	23.587	23.741
	45.104	23.701	24.063	23.586	23.880
	46.479	23.673	23.983	23.566	23.857
	47.856	23.671	23.922	23.519	23.813
	49.218	23.720	23.918	23.518	23.755
	50.578	23.694	23.874	23.499	23.770
	51.931	23.677	23.883	23.437	23.737
	53.295	23.642	23.842	23.460	23.706
	54.656	23.657	23.820	23.531	23.729
	56.067	23.681	23.816	23.545	23.768
	57.434	23.552	23.791	23.511	23.704
	58.794	23.661	23.697	23.482	23.681
	60.156	23.613	23.975	23.509	23.709
	61.519	23.663	24.079	23.518	23.765
	62.888	23.684	24.331	23.490	23.815
	64.547	23.665	24.498	23.462	23.875
	65.906	23.703	24.486	23.475	23.810
	67.316	23.656	24.508	23.493	23.778
	68.683	23.708	24.513	23.451	23.718
	70.057	23.618	24.490	23.436	23.678
	71.434	23.611	24.546	23.491	23.621
	72.798	23.671	24.626	23.500	23.564
	74.151	23.676	24.630	23.503	23.593
	75.525	23.727	24.666	23.363	23.560
	76.893	23.653	24.588	23.421	23.605
	78.261	23.740	24.649	23.433	23.759
	79.636	23.721	24.710	23.450	23.816
	80.998	23.776	24.700	23.493	23.881
	82.358	23.783	24.613	23.488	23.879
	83.717	23.888	24.564	23.491	23.855
	85.076	23.889	24.533	23.469	23.860
	86.438	23.871	24.517	23.432	23.786
	87.796	23.857	24.510	23.409	23.775
	89.151	23.820	24.478	23.401	23.757
	90.527	23.823	24.442	23.458	23.736
	91.903	23.803	24.401	23.426	23.765
	93.264	23.784	24.486	23.415	23.695
	94.625	23.753	24.512	23.537	23.632
	95.979	23.775	24.550	23.453	23.587
	97.355	23.704	24.518	23.421	23.576
	98.732	23.839	24.567	23.419	23.752
	100.105	23.796	24.516	23.438	23.945
	101.479	23.820	24.527	23.626	23.988
