	%Time (s)	Temperature (C)	9/7/2016	2:14 PM
	0.000	93.804	88.552	90.553	83.491
	1.381	93.351	73.383	85.362	58.933
	2.754	93.796	55.904	92.933	38.828
	4.128	93.121	93.909	87.455	92.868
	5.492	93.516	93.528	92.865	93.481
	6.849	93.894	93.708	93.385	93.526
	8.260	93.508	93.503	84.334	93.595
	9.627	92.504	94.011	86.455	93.877
	10.990	93.529	94.101	78.555	94.008
	12.365	81.401	93.732	63.125	93.685
	13.723	93.390	93.813	93.309	93.675
	15.101	93.716	93.696	90.484	93.632
	16.468	92.590	93.612	78.503	93.610
	17.851	89.008	93.716	69.612	93.733
	19.212	93.677	93.645	93.336	93.616
	20.572	92.901	93.708	93.287	93.654
	21.932	93.415	93.656	91.529	93.752
	23.284	85.510	93.768	78.691	93.726
	24.650	92.774	93.691	86.195	93.751
	26.004	81.075	93.728	78.497	93.685
	27.364	93.208	93.621	93.395	85.607
	28.740	93.668	93.572	93.443	85.359
	30.115	93.751	93.395	93.244	93.686
	31.479	93.103	93.677	92.591	93.558
	32.848	88.984	93.649	91.989	93.668
	34.224	93.102	93.904	93.538	93.694
	35.599	93.377	93.859	93.276	93.629
	36.977	93.766	93.983	93.491	93.657
	38.337	93.899	94.286	93.189	93.726
	39.695	93.391	90.964	93.479	93.796
	41.060	92.922	83.346	92.838	93.678
	42.427	92.716	81.964	92.434	93.726
	43.803	93.762	93.812	91.085	94.038
	45.166	91.695	93.593	92.187	93.678
	46.520	92.904	92.903	84.174	93.643
	47.953	93.616	90.728	93.081	93.118
	49.323	93.202	87.405	93.201	93.634
	50.680	93.273	93.871	93.244	93.719
	52.043	93.285	93.837	93.266	93.678
	53.417	93.586	93.837	93.333	93.745
	54.777	93.645	93.866	93.346	93.741
	56.444	93.474	93.987	93.294	93.762
	57.829	93.560	93.916	93.307	93.724
	59.193	93.352	93.919	93.244	93.791
	60.559	93.541	81.077	93.334	82.535
