	%Time (s)	Temperature (C)	9/7/2016	2:01 PM
	0.000	24.086	24.303	24.006	24.219
	1.386	24.118	24.316	24.022	24.254
	2.747	24.200	24.283	24.115	24.256
	4.114	24.149	24.226	24.088	24.214
	5.472	24.236	24.279	24.150	24.274
	6.848	24.350	24.262	24.177	24.330
	8.212	24.469	24.265	24.186	24.416
	9.570	24.516	24.277	24.313	24.464
	10.930	24.608	24.231	24.340	24.406
	12.285	24.623	24.223	24.335	24.418
	13.642	24.664	24.254	24.334	24.360
	15.003	24.716	24.280	24.439	24.431
	16.369	24.763	24.394	24.456	24.467
	17.732	24.791	24.399	24.511	24.630
	19.094	24.813	24.505	24.646	24.868
	20.461	24.827	24.440	24.714	25.080
	21.822	24.902	24.445	24.804	25.255
	23.180	24.969	24.380	24.913	25.337
	24.542	25.066	24.301	24.912	25.439
	25.896	25.045	24.301	24.767	25.271
	27.259	25.057	24.271	24.756	25.202
	28.618	25.035	24.258	24.753	25.147
	29.979	25.024	24.278	24.629	24.973
	31.340	25.048	24.245	24.566	24.877
	32.758	25.037	24.242	24.482	24.769
	34.130	25.059	24.226	24.416	24.676
	35.538	25.089	24.202	24.307	24.660
	36.899	25.143	24.188	24.283	24.681
	38.260	25.175	24.173	24.349	24.621
	39.620	25.201	24.117	24.389	24.531
	40.979	25.220	24.105	24.397	24.526
	42.331	25.227	24.064	24.429	24.487
	43.693	25.217	24.055	24.443	24.400
	45.086	25.267	24.010	24.461	24.368
	46.459	25.225	23.916	24.396	24.326
	47.823	25.219	23.887	24.586	24.266
	49.183	25.289	23.840	24.943	24.313
	50.543	25.273	23.835	24.822	24.196
	51.894	25.167	23.914	24.623	24.190
	53.260	25.150	23.979	24.491	24.256
	54.636	25.078	24.023	24.492	24.276
	55.995	25.019	24.050	24.486	24.267
	57.356	24.966	24.033	24.676	24.267
